5
5.1 5.2 5.3 5.4

6
6.1 6.2 6.3 6.4

7
7.1 7.2 7.3 7.4

8
8.1 8.2 8.3 8.4

9
9.1 9.2 9.3 9.4

10
10.1 10.2 10.3 10.4

11
11.1 11.2 11.3 11.4

12
12.1 12.2 12.3 12.4

13
13.1 13.2 13.3 13.4

14
14.1 14.2 14.3 14.4

1
1.1 1.2 1.3 1.4

2
2.1 2.2 2.3 2.4

3
3.1 3.2 3.3 3.4

4
4.1 4.2 4.3 4.4

1
10 -1 0 -1 1 -1 2 -1 1.1 1.2 1.3 1.4 5.3 5.4 5.1 5.2 6.3 6.4 6.1 6.2 7.3 7.4 7.1 7.2

2
11 -1 3 -1 -4 -1 5 -1 2.1 2.2 2.3 2.4 8.3 8.4 8.1 8.2 9.3 9.4 9.1 9.2 10.3 10.4 10.1 10.2

3
12 -1 6 -1 7 -1 8 -1 3.1 3.2 3.3 3.4 11.3 11.4 11.1 11.2 12.3 12.4 12.1 12.2 13.3 13.4 13.1 13.2

4
13 -1 9 -1 0 -1 1 -1 4.1 4.2 4.3 4.4 14.3 14.4 14.1 14.2 5.4 5.1 5.2 5.3 6.4 6.1 6.2 6.3

1
1.5 1.6 1.7 1.8

2
2.5 2.6 2.7 2.8

3
3.5 3.6 3.7 3.8

4
4.5 4.6 4.7 4.8

5
0 -1 18 -1 3 -1 4 -1 5.2 5.3 5.4 5.1 1.6 1.7 1.8 1.5 8.4 8.1 8.2 8.3 9.4 9.1 9.2 9.3

6
1 -1 5 -1 21 -1 20 -1 6.2 6.3 6.4 6.1 10.4 10.1 10.2 10.3 4.7 4.8 4.5 4.6 3.6 3.7 3.8 3.5

7
2 -1 20 -1 9 -1 18 -1 7.2 7.3 7.4 7.1 3.7 3.8 3.5 3.6 14.4 14.1 14.2 14.3 1.5 1.6 1.7 1.8

8
3 -1 19 -1 20 -1 21 -1 8.2 8.3 8.4 8.1 2.5 2.6 2.7 2.8 3.5 3.6 3.7 3.8 4.5 4.6 4.7 4.8

9
4 -1 6 -1 19 -1 7 -1 9.2 9.3 9.4 9.1 11.4 11.1 11.2 11.3 2.6 2.7 2.8 2.5 12.4 12.1 12.2 12.3

10
5 -1 21 -1 18 -1 19 -1 10.2 10.3 10.4 10.1 4.6 4.7 4.8 4.5 1.7 1.8 1.5 1.6 2.7 2.8 2.5 2.6

11
6 -1 8 -1 2 -1 18 -1 11.2 11.3 11.4 11.1 13.4 13.1 13.2 13.3 7.4 7.1 7.2 7.3 1.8 1.5 1.6 1.7

12
7 -1 19 -1 20 -1 21 -1 12.2 12.3 12.4 12.1 2.8 2.5 2.6 2.7 3.8 3.5 3.6 3.7 4.8 4.5 4.6 4.7

13
8 -1 11 -1 0 -1 4 -1 13.2 13.3 13.4 13.1 2.2 2.3 2.4 2.1 5.3 5.4 5.1 5.2 9.3 9.4 9.1 9.2

14
9 -1 13 -1 5 -1 12 -1 14.2 14.3 14.4 14.1 4.2 4.3 4.4 4.1 10.3 10.4 10.1 10.2 3.3 3.4 3.1 3.2

5
22 0 28 6 11 -1 -10 -1 5.2 5.3 5.4 5.1 11.3 11.4 11.1 11.2 2.3 2.4 2.1 2.2 1.2 1.3 1.4 1.1

6
23 1 10 -1 29 7 18 -1 6.2 6.3 6.4 6.1 1.3 1.4 1.1 1.2 12.3 12.4 12.1 12.2 1.5 1.6 1.7 1.8

7
24 2 12 -1 31 9 30 8 7.2 7.3 7.4 7.1 3.2 3.3 3.4 3.1 14.3 14.4 14.1 14.2 13.3 13.4 13.1 13.2

8
25 3 10 -1 31 9 29 7 8.2 8.3 8.4 8.1 1.3 1.4 1.1 1.2 14.4 14.1 14.2 14.3 12.4 12.1 12.2 12.3

9
26 4 28 6 13 -1 11 -1 9.2 9.3 9.4 9.1 11.4 11.1 11.2 11.3 4.3 4.4 4.1 4.2 2.4 2.1 2.2 2.3

10
27 5 24 2 19 -1 13 -1 10.2 10.3 10.4 10.1 7.3 7.4 7.1 7.2 2.5 2.6 2.7 2.8 4.3 4.4 4.1 4.2

11
28 6 20 -1 10 -1 23 1 11.2 11.3 11.4 11.1 3.5 3.6 3.7 3.8 1.4 1.1 1.2 1.3 6.3 6.4 6.1 6.2

12
29 7 13 -1 12 -1 11 -1 12.2 12.3 12.4 12.1 4.4 4.1 4.2 4.3 3.4 3.1 3.2 3.3 2.3 2.4 2.1 2.2

13
30 8 20 -1 25 3 22 0 13.2 13.3 13.4 13.1 3.3 3.4 3.1 3.2 8.4 8.1 8.2 8.3 5.4 5.1 5.2 5.3

14
31 9 30 8 27 5 21 -1 14.2 14.3 14.4 14.1 13.4 13.1 13.2 13.3 10.4 10.1 10.2 10.3 4.5 4.6 4.7 4.8
